1.000000000 0.000000000 -0.000000000 0.000000000 0.000000000 1.000000000 0.000000000 0.000000000 -0.000000000 0.000000000 1.000000000 0.000000000
0.999993622 -0.001338196 -0.003308277 0.000296916 0.001334545 0.999998510 -0.001105327 0.002247116 0.003309751 0.001100905 0.999993920 0.121407457
0.999985337 0.001160998 -0.005282099 -0.000538095 -0.001155886 0.999998987 0.000970633 0.001260510 0.005283220 -0.000964513 0.999985516 0.258129954
0.999975979 -0.000807793 -0.006885712 -0.001322453 0.000817170 0.999998748 0.001359065 0.003377016 0.006884607 -0.001364659 0.999975383 0.381648600
0.999964178 -0.002377436 -0.008124436 0.000248300 0.002388483 0.999996245 0.001350191 0.006748911 0.008121195 -0.001369548 0.999966025 0.527724683
0.999946296 -0.004178581 -0.009473730 0.000195181 0.004193780 0.999989986 0.001585047 0.008437091 0.009467010 -0.001624693 0.999953806 0.650048077
0.999929368 -0.006118836 -0.010191707 -0.003026755 0.006136752 0.999979675 0.001727461 0.008870950 0.010180930 -0.001789883 0.999946594 0.770777345
0.999911308 -0.007253868 -0.011159908 -0.010287630 0.007290629 0.999968052 0.003256759 -0.010121702 0.011135926 -0.003337833 0.999932408 0.918083131
0.999883294 -0.009094816 -0.012268540 -0.010661925 0.009134897 0.999953151 0.003214830 -0.009016556 0.012238728 -0.003326527 0.999919534 1.038631201
0.999876976 -0.009750434 -0.012284481 -0.013354619 0.009798945 0.999944448 0.003894887 -0.008253403 0.012245821 -0.004014783 0.999916971 1.163110495
0.999864638 -0.010488402 -0.012672228 -0.014729140 0.010543833 0.999935031 0.004315383 -0.002733919 0.012626145 -0.004448413 0.999910414 1.272273540
0.999859273 -0.011114541 -0.012567032 -0.019515378 0.011180945 0.999923825 0.005226303 -0.004394376 0.012507986 -0.005366079 0.999907315 1.365220428
0.999861956 -0.011190396 -0.012271690 -0.022478612 0.011261079 0.999920368 0.005706111 -0.006718561 0.012206857 -0.005843517 0.999908388 1.453574657
0.999849081 -0.012433173 -0.012126659 -0.022767173 0.012510731 0.999901533 0.006340974 -0.002203411 0.012046628 -0.006491731 0.999906301 1.551482677
0.999858856 -0.012186023 -0.011561065 -0.055825062 0.012277405 0.999893665 0.007866678 -0.027368465 0.011463971 -0.008007508 0.999902189 1.676637530
0.999848187 -0.012972874 -0.011638656 -0.057369377 0.013077278 0.999874473 0.008939602 -0.025510125 0.011521225 -0.009090447 0.999892235 1.775853038
0.999846041 -0.013169363 -0.011601371 -0.059337102 0.013277065 0.999868989 0.009255867 -0.022789355 0.011477958 -0.009408473 0.999889851 1.873600602
0.999833822 -0.014039773 -0.011634790 -0.062009942 0.014148012 0.999856889 0.009273779 -0.018606996 0.011502924 -0.009436846 0.999889255 1.973837852
0.999808431 -0.015046665 -0.012515917 -0.058623090 0.015171709 0.999835312 0.009957005 -0.009293336 0.012364036 -0.010144985 0.999872088 2.093419552
0.999792576 -0.016012479 -0.012585312 -0.059488300 0.016140750 0.999818027 0.010157471 -0.006518838 0.012420377 -0.010358499 0.999869168 2.191517115
0.999796987 -0.015936395 -0.012328201 -0.062689327 0.016071223 0.999811232 0.010915884 -0.004134319 0.012151913 -0.011111796 0.999864459 2.287149668
0.999796569 -0.016261453 -0.011939633 -0.071302183 0.016408391 0.999789596 0.012313494 -0.005842580 0.011736888 -0.012506900 0.999852896 2.380136728
0.999801576 -0.016125763 -0.011688928 -0.072829753 0.016279489 0.999780655 0.013177596 -0.004666393 0.011473864 -0.013365272 0.999844849 2.459156513
0.999805868 -0.015988683 -0.011507161 -0.073652633 0.016146705 0.999774754 0.013772863 -0.002741127 0.011284359 -0.013955994 0.999838948 2.539559603
0.999809265 -0.016111152 -0.011029515 -0.076344304 0.016270794 0.999761939 0.014540936 0.000661737 0.010792619 -0.014717625 0.999833465 2.620773792
0.999823570 -0.015315299 -0.010873391 -0.074725688 0.015486467 0.999754727 0.015836418 0.001065005 0.010628185 -0.016002016 0.999815524 2.717940569
0.999833703 -0.014965629 -0.010417291 -0.076554976 0.015139231 0.999744356 0.016790327 0.002096643 0.010163352 -0.016945247 0.999804795 2.796788931
0.999818683 -0.015760720 -0.010698242 -0.076690592 0.015944917 0.999722302 0.017356765 0.005564544 0.010421718 -0.017524198 0.999792099 2.877376795
0.999826014 -0.015638418 -0.010179492 -0.077704832 0.015819775 0.999713063 0.017985821 0.007802160 0.009895302 -0.018143723 0.999786437 2.957203150
0.999829710 -0.015460967 -0.010076041 -0.078660913 0.015647089 0.999703407 0.018662535 0.010664174 0.009784512 -0.018817015 0.999774992 3.037084103
0.999827385 -0.015664300 -0.009991093 -0.075809464 0.015859595 0.999678552 0.019776471 0.009610810 0.009678097 -0.019931514 0.999754488 3.126523972
0.999822676 -0.015996248 -0.009935950 -0.077233352 0.016197998 0.999657214 0.020567456 0.012232854 0.009603541 -0.020724753 0.999739110 3.206166506
0.999835312 -0.015306924 -0.009747137 -0.077715509 0.015516946 0.999640882 0.021848978 0.013563277 0.009409195 -0.021996623 0.999713778 3.289127827
0.999844134 -0.014911076 -0.009451369 -0.079204783 0.015119136 0.999636173 0.022338681 0.016756667 0.009114835 -0.022478096 0.999705791 3.370501041
0.999844015 -0.015139080 -0.009091919 -0.080200955 0.015343329 0.999621570 0.022831662 0.020129299 0.008742828 -0.022967601 0.999697983 3.452303648
0.999846518 -0.015126124 -0.008836389 -0.081637703 0.015336609 0.999588072 0.024259191 0.021543965 0.008465801 -0.024390988 0.999666631 3.529032230
0.999865115 -0.014199958 -0.008256430 -0.083925433 0.014400158 0.999590755 0.024715818 0.022425171 0.007902087 -0.024831381 0.999660373 3.613160372
0.999886334 -0.013132439 -0.007411936 -0.084962323 0.013318047 0.999584198 0.025573758 0.023116739 0.007073008 -0.025669562 0.999645472 3.671733379
0.999886096 -0.013179897 -0.007343876 -0.084806003 0.013362154 0.999589384 0.025347203 0.026023326 0.007006788 -0.025442448 0.999651670 3.734563828
0.999892414 -0.012928471 -0.006917513 -0.086116210 0.013103630 0.999578416 0.025904911 0.026766317 0.006579686 -0.025992766 0.999640465 3.793715715
0.999909937 -0.011805135 -0.006389583 -0.085956432 0.011970831 0.999575913 0.026546702 0.028884100 0.006073485 -0.026620796 0.999627173 3.854223251
0.999921143 -0.011110755 -0.005866618 -0.086786285 0.011265550 0.999570727 0.027046969 0.030626835 0.005563587 -0.027110925 0.999616921 3.913747072
0.999924541 -0.010787729 -0.005867197 -0.085912608 0.010944122 0.999567032 0.027310746 0.033918716 0.005570036 -0.027372895 0.999609768 3.975769520
0.999932587 -0.010264593 -0.005424450 -0.086733803 0.010411625 0.999559045 0.027810497 0.035179853 0.005136594 -0.027865101 0.999598563 4.035177231
0.999940574 -0.009641694 -0.005097349 -0.088066421 0.009781355 0.999556601 0.028123641 0.037465442 0.004823929 -0.028171830 0.999591410 4.096345901
0.999949634 -0.008762864 -0.004902789 -0.087861508 0.008900188 0.999547660 0.028726099 0.038637839 0.004648848 -0.028768284 0.999575198 4.156126022
0.999952316 -0.008730862 -0.004372945 -0.088821553 0.008853338 0.999545395 0.028818248 0.041099317 0.004119348 -0.028855586 0.999575138 4.217086792
0.999956071 -0.008505229 -0.003940508 -0.089338794 0.008617646 0.999529183 0.029448595 0.042427301 0.003688185 -0.029481260 0.999558568 4.276772976
0.999964714 -0.007702734 -0.003325858 -0.091303080 0.007798344 0.999526620 0.029761096 0.044665620 0.003095042 -0.029785989 0.999551475 4.335844040
0.999971330 -0.007013081 -0.002819546 -0.092140414 0.007095602 0.999512374 0.030408878 0.044380553 0.002604910 -0.030428020 0.999533474 4.393687725
0.999973834 -0.006688498 -0.002727576 -0.091923654 0.006769256 0.999503851 0.030760329 0.045134589 0.002520482 -0.030777987 0.999523044 4.450874329
0.999977887 -0.006268092 -0.002216177 -0.092287935 0.006334041 0.999495506 0.031121006 0.047431398 0.002019990 -0.031134356 0.999513209 4.511180878
0.999980569 -0.005941757 -0.001851490 -0.092071801 0.005996717 0.999493659 0.031246319 0.049855366 0.001664895 -0.031256814 0.999510050 4.571787834
0.999986053 -0.005171483 -0.001081332 -0.093279727 0.005203568 0.999469757 0.032139763 0.051069893 0.000914549 -0.032144934 0.999482870 4.631484985
0.999990761 -0.004249393 -0.000614660 -0.094856679 0.004267181 0.999458849 0.032615382 0.053404048 0.000475732 -0.032617703 0.999467790 4.692779064
0.999992073 -0.003945469 -0.000370403 -0.095444880 0.003955519 0.999450684 0.032903634 0.054138988 0.000240379 -0.032904841 0.999458432 4.751323223
0.999993682 -0.003530098 -0.000044518 -0.095909573 0.003529619 0.999437213 0.033358432 0.056482609 -0.000073266 -0.033358384 0.999443412 4.811918259
0.999994695 -0.003189406 0.000539281 -0.095266834 0.003169500 0.999431014 0.033577893 0.058895200 -0.000646067 -0.033576004 0.999435961 4.871363640
0.999997437 -0.002033476 0.001019225 -0.097223267 0.001997754 0.999423146 0.033903092 0.058710258 -0.001087578 -0.033900969 0.999424636 4.929337978
0.999995768 -0.001954340 0.002163515 -0.098030709 0.001883147 0.999472141 0.032432951 0.060911085 -0.002225758 -0.032428741 0.999471605 5.041206360
0.999993861 -0.001311517 0.003260431 -0.097423606 0.001209392 0.999514639 0.031129338 0.064998560 -0.003299675 -0.031125201 0.999510050 5.154483795
0.999988854 -0.001095259 0.004592488 -0.097498663 0.000956509 0.999546230 0.030106734 0.066896312 -0.004623380 -0.030102007 0.999536097 5.267525673
0.999982238 -0.001035972 0.005857627 -0.097924650 0.000866369 0.999582410 0.028882626 0.068686478 -0.005885102 -0.028877040 0.999565601 5.378365993
0.999974072 -0.000646008 0.007173853 -0.098177515 0.000446503 0.999614000 0.027776739 0.069724612 -0.007189028 -0.027772814 0.999588370 5.485555172
0.999967754 -0.000414011 0.008017924 -0.097666398 0.000200752 0.999646604 0.026580183 0.074666336 -0.008026094 -0.026577715 0.999614537 5.602565765
0.999958694 0.000417042 0.009081737 -0.097490892 -0.000646594 0.999679923 0.025288014 0.077619024 -0.009068286 -0.025292838 0.999638915 5.716207981
0.999949455 0.000998703 0.010002581 -0.096586734 -0.001235200 0.999719143 0.023665298 0.080529630 -0.009976138 -0.023676457 0.999669850 5.825978279
0.999932826 0.000810253 0.011566467 -0.097664006 -0.001071800 0.999743462 0.022624213 0.084953777 -0.011545167 -0.022635087 0.999677181 5.943375587
0.999916255 0.000913631 0.012907072 -0.097530372 -0.001190379 0.999769211 0.021450143 0.087032005 -0.012884498 -0.021463716 0.999686599 6.055765629
0.999902487 0.001449532 0.013895994 -0.096941404 -0.001727480 0.999798238 0.020010915 0.089073151 -0.013864186 -0.020032967 0.999703169 6.166370392
0.999882698 0.002356034 0.015130660 -0.098075524 -0.002634030 0.999827564 0.018379418 0.093658864 -0.015084749 -0.018417114 0.999716580 6.281623363
0.999863684 0.001568134 0.016442677 -0.096529454 -0.001851740 0.999849558 0.017247127 0.095752142 -0.016413162 -0.017275220 0.999715984 6.392511368
0.999835134 0.000980278 0.018132484 -0.094721161 -0.001270953 0.999870718 0.016025977 0.099001817 -0.018114427 -0.016046381 0.999707103 6.491138935
0.999800682 0.000517643 0.019959209 -0.094260782 -0.000815821 0.999888122 0.014934072 0.101287328 -0.019949246 -0.014947377 0.999689281 6.587209225
0.999767423 -0.000094555 0.021570466 -0.092928655 -0.000200489 0.999906421 0.013675539 0.103494331 -0.021569742 -0.013676682 0.999673784 6.683252811
0.999728203 -0.000469630 0.023306929 -0.092366196 0.000165591 0.999914885 0.013045253 0.104403555 -0.023311073 -0.013037852 0.999643147 6.781504631
0.999690413 -0.001170816 0.024850324 -0.091247484 0.000876161 0.999929190 0.011864818 0.107200041 -0.024862451 -0.011839376 0.999620676 6.876356125
0.999650836 -0.001551150 0.026378462 -0.089674145 0.001270566 0.999942482 0.010650306 0.109477460 -0.026393464 -0.010613072 0.999595344 6.973350048
0.999615371 -0.002332986 0.027632369 -0.088256977 0.002067866 0.999951601 0.009619262 0.112851128 -0.027653474 -0.009558422 0.999571800 7.070197105
0.999575078 -0.003413748 0.028946286 -0.086601183 0.003171335 0.999959528 0.008416405 0.115098558 -0.028973846 -0.008321030 0.999545515 7.166932583
0.999526501 -0.003632515 0.030553747 -0.084443793 0.003416614 0.999968827 0.007115473 0.117154904 -0.030578643 -0.007007714 0.999507785 7.264151096
0.999480665 -0.003810345 0.031995472 -0.083459377 0.003622187 0.999975741 0.005936620 0.121151797 -0.032017317 -0.005817643 0.999470294 7.362511158
0.999419510 -0.004754044 0.033734057 -0.083264805 0.004600918 0.999978721 0.004615378 0.121839672 -0.033755280 -0.004457491 0.999420166 7.457583427
0.999368012 -0.005487955 0.035118997 -0.080932491 0.005371639 0.999979734 0.003405533 0.125254765 -0.035136972 -0.003214734 0.999377370 7.555480480
0.999309123 -0.006204408 0.036643300 -0.078603923 0.006119870 0.999978483 0.002418754 0.127386153 -0.036657520 -0.002192831 0.999325454 7.651736736
0.999243021 -0.006674352 0.038326848 -0.076833472 0.006622009 0.999976993 0.001492476 0.130068675 -0.038335927 -0.001237546 0.999264061 7.748272419
0.999110460 -0.007974613 0.041409265 -0.072509810 0.007976934 0.999968171 0.000109158 0.132130235 -0.041408826 0.000221258 0.999142230 7.868688107
0.998972118 -0.008361565 0.044550776 -0.066874042 0.008406013 0.999964297 -0.000810503 0.134825557 -0.044542402 0.001184165 0.999006748 7.987893581
0.998843610 -0.009331657 0.047164813 -0.063897468 0.009423827 0.999954045 -0.001732237 0.137405545 -0.047146488 0.002174707 0.998885572 8.106763840
0.998621523 -0.009964583 0.051533688 -0.060799871 0.010100598 0.999946117 -0.002379630 0.137731344 -0.051507194 0.002896871 0.998668373 8.216220856
0.998474598 -0.010782555 0.054149043 -0.057958435 0.010963902 0.999935210 -0.003053042 0.130738467 -0.054112621 0.003642069 0.998528183 8.344603539
0.998359025 -0.011901774 0.056013525 -0.036496274 0.012245357 0.999908149 -0.005794668 0.153721496 -0.055939410 0.006471065 0.998413146 8.486300468
0.998101234 -0.012914204 0.060225595 -0.048052855 0.013264646 0.999897301 -0.005422693 0.134454697 -0.060149379 0.006211270 0.998170078 8.582920074
0.997909307 -0.012731376 0.063363887 -0.043584410 0.013165576 0.999892592 -0.006439648 0.137453958 -0.063275091 0.007260406 0.997969687 8.702852249
0.997689486 -0.014058259 0.066468380 -0.040894777 0.014558788 0.999869108 -0.007051898 0.139810130 -0.066360541 0.008003304 0.997763574 8.821160316
0.997469783 -0.014556033 0.069585256 -0.036592912 0.015241503 0.999840319 -0.009330044 0.144628942 -0.069438331 0.010367022 0.997532368 8.940907478
0.997234166 -0.015579637 0.072672881 -0.032829545 0.016377339 0.999811828 -0.010393649 0.147677943 -0.072497278 0.011555091 0.997301638 9.063584328
0.996967435 -0.016053522 0.076145865 -0.025207831 0.016869504 0.999806821 -0.010084949 0.150546789 -0.075969249 0.011338909 0.997045636 9.154958725
0.996667564 -0.016379053 0.079909198 -0.019559877 0.017234743 0.999801159 -0.010030267 0.153904259 -0.079729021 0.011374054 0.996751606 9.244973183
0.996347904 -0.016562559 0.083764896 -0.013722404 0.017469002 0.999796391 -0.010099934 0.156723917 -0.083580561 0.011526338 0.996434391 9.336353302
0.996024489 -0.017011268 0.087440491 -0.006729784 0.017941168 0.999790430 -0.009859759 0.159451142 -0.087254435 0.011389349 0.996120989 9.426196098
0.995667160 -0.017170930 0.091389038 -0.000860216 0.018148422 0.999786496 -0.009875645 0.161886707 -0.091199942 0.011491424 0.995766282 9.515339851
0.995301068 -0.017290769 0.095272325 0.004916743 0.018315757 0.999783278 -0.009894487 0.163755640 -0.095080607 0.011592980 0.995402098 9.601905823
0.994927943 -0.017827202 0.098997660 0.009868641 0.018913792 0.999770641 -0.010048192 0.167097911 -0.098795831 0.011869648 0.995036840 9.692997932
0.994495451 -0.017219113 0.103355117 0.015706496 0.018367857 0.999779582 -0.010172999 0.170179844 -0.103157155 0.012015414 0.994592547 9.783292770
0.994154751 -0.017540809 0.106529899 0.022747122 0.018729825 0.999772847 -0.010171062 0.173587561 -0.106327280 0.012106898 0.994257390 9.873632431
0.993714750 -0.017864676 0.110507131 0.028333968 0.019106779 0.999765515 -0.010191196 0.175714612 -0.110299155 0.012238579 0.993823111 9.962433815
0.993297398 -0.017379144 0.114272803 0.034008484 0.018631360 0.999777555 -0.009899162 0.176392704 -0.114075333 0.011961870 0.993399978 10.049467087
0.992824972 -0.018195007 0.118183568 0.041037966 0.019530240 0.999757767 -0.010149593 0.180339769 -0.117970273 0.012384923 0.992939889 10.141451836
0.992303252 -0.017267430 0.122621492 0.046013720 0.018573292 0.999782264 -0.009514376 0.181008652 -0.122430496 0.011718630 0.992407858 10.229322433
0.991696954 -0.017147915 0.127448454 0.056046452 0.018532261 0.999781370 -0.009684079 0.185592309 -0.127254546 0.011965582 0.991797864 10.317578316
0.990383208 -0.017513731 0.137238190 0.070905611 0.018923506 0.999780595 -0.008974432 0.187328637 -0.137050897 0.011485157 0.990497410 10.436212540
0.988829374 -0.015889773 0.148202345 0.083695620 0.017498335 0.999801278 -0.009556226 0.191493124 -0.148021027 0.012042773 0.988910913 10.553595543
0.987332344 -0.015442459 0.157912299 0.094563045 0.016878977 0.999827385 -0.007759797 0.182248563 -0.157765210 0.010326897 0.987422645 10.648604393
0.985518217 -0.015332065 0.168875054 0.116010442 0.016791973 0.999832928 -0.007220083 0.183826864 -0.168736145 0.009951270 0.985610962 10.721982002
0.983886123 -0.014505007 0.178206980 0.144092888 0.016066728 0.999844134 -0.007323439 0.188046366 -0.178072974 0.010068635 0.983965755 10.865926743
0.982042015 -0.013657501 0.188167691 0.149567559 0.015613587 0.999838352 -0.008917077 0.212443575 -0.188015461 0.011694917 0.982096434 10.981946945
0.980010569 -0.013405109 0.198493615 0.169324934 0.015131269 0.999859750 -0.007181971 0.208591089 -0.198369458 0.010041867 0.980075896 11.095630646
0.977682531 -0.011973819 0.209746629 0.192562997 0.013601944 0.999887526 -0.006321495 0.195424482 -0.209647357 0.009033377 0.977735341 11.216607094
0.974096358 -0.008809520 0.225961789 0.237304017 0.010674387 0.999918401 -0.007032511 0.179644838 -0.225881368 0.009262347 0.974110723 11.307129860
0.969858587 -0.005649664 0.243603155 0.254301429 0.008139165 0.999924421 -0.009214172 0.181998417 -0.243532687 0.010919171 0.969831169 11.387756348
0.965579331 -0.003750264 0.260081828 0.273179859 0.006853010 0.999915779 -0.011024129 0.183135524 -0.260018557 0.012427013 0.965523660 11.465734482
0.960571408 -0.000070121 0.278033227 0.289398223 0.004011032 0.999899387 -0.013605456 0.186433747 -0.278004289 0.014184215 0.960475028 11.547782898
0.955252588 0.003418149 0.295771360 0.306237608 0.001391710 0.999870181 -0.016050031 0.188467711 -0.295787901 0.015743461 0.955123901 11.627733231
0.949758470 0.006321341 0.312919855 0.323821127 -0.000431947 0.999821663 -0.018886518 0.190795854 -0.312983483 0.017802464 0.949591756 11.707028389
0.943992376 0.009077685 0.329842329 0.341663629 -0.002218083 0.999773502 -0.021167001 0.192977682 -0.329959750 0.019249875 0.943798661 11.786501884
0.937896848 0.011973940 0.346707255 0.359762549 -0.003971417 0.999709189 -0.023782827 0.195751816 -0.346891224 0.020928923 0.937671781 11.867075920
0.931248605 0.015504624 0.364054352 0.376872569 -0.006504607 0.999642491 -0.025934793 0.197609499 -0.364326298 0.021783711 0.931016564 11.946123123
0.924723983 0.018049581 0.380210221 0.395591170 -0.007639432 0.999553978 -0.028871303 0.200642362 -0.380561739 0.023793392 0.924449265 12.024705887
0.914710224 0.022293923 0.403495073 0.415240586 -0.010411183 0.999445736 -0.031619605 0.203175351 -0.403976351 0.024721907 0.914435267 12.105274200
0.880948246 0.025698164 0.472514302 0.402012318 -0.008195219 0.999203146 -0.039063636 0.189445928 -0.473141611 0.030540684 0.880456865 12.178754807
0.836150110 0.039747957 0.547058642 0.430861980 -0.016593002 0.998747408 -0.047205057 0.185322300 -0.548249662 0.030393172 0.835762203 12.294200897
0.787948668 0.049746335 0.613728106 0.482772201 -0.019690223 0.998256981 -0.055634979 0.188913479 -0.615425885 0.031753063 0.787554801 12.412951469
0.734672368 0.059831109 0.675778687 0.533081055 -0.021575028 0.997660339 -0.064874098 0.192021102 -0.678078949 0.033081263 0.734244168 12.527052879
0.669189930 0.070066862 0.739780784 0.590920746 -0.021451890 0.996951342 -0.075019337 0.196300417 -0.742781758 0.034332477 0.668652773 12.639945984
0.569383264 0.081471808 0.818025172 0.422383159 -0.020258356 0.996165335 -0.085113056 0.222378641 -0.821822524 0.031890109 0.568850338 12.720957756
0.445311278 0.086458661 0.891191781 0.189742208 -0.012319132 0.995824456 -0.090453967 0.178553089 -0.895291090 0.029301457 0.444516987 12.797092438
0.324334323 0.105179712 0.940076888 -0.027606778 -0.014668257 0.994238853 -0.106178895 0.192676708 -0.945828795 0.020648176 0.324008584 12.786611557
0.182980508 0.112984754 0.976602554 -0.098495811 0.004949020 0.993255675 -0.115838654 0.211952284 -0.983104110 0.026029440 0.181187332 12.780817986
0.066968717 0.126952082 0.989645541 -0.328726619 0.007424284 0.991781354 -0.127728492 0.243764460 -0.997727454 0.015901221 0.065475807 12.900212288
-0.049447380 0.132033050 0.990011215 -0.349918842 0.008620096 0.991243243 -0.131766781 0.191252559 -0.998739541 0.002018468 -0.050152529 12.893970490
-0.167239770 0.136603683 0.976406872 -0.251977652 0.009260898 0.990528643 -0.136993170 0.191143259 -0.985872746 -0.013868303 -0.166920885 12.920756340
-0.237541601 0.142818257 0.960820913 -0.159850165 0.017118547 0.989594340 -0.142862990 0.189581290 -0.971226513 -0.017488046 -0.237514690 12.911789894
-0.295918167 0.144852743 0.944166362 -0.110229380 0.016014818 0.989048481 -0.146719187 0.207545370 -0.955079019 -0.028296223 -0.294997245 12.911520004
-0.350789607 0.147772357 0.924721599 -0.006207212 0.018094020 0.988356352 -0.151077390 0.207654670 -0.936279476 -0.036264446 -0.349378973 12.888529778
-0.403974026 0.149207726 0.902519822 0.107474700 0.021289129 0.987874269 -0.153789684 0.207184434 -0.914522707 -0.042913176 -0.402252018 12.862008095
-0.446665168 0.149027094 0.882202446 0.207657620 0.023431705 0.987640560 -0.154974714 0.205637962 -0.894394338 -0.048550293 -0.444636583 12.832513809
-0.470013231 0.141258538 0.871282697 0.292176217 0.022949314 0.988732874 -0.147920415 0.172632992 -0.882360935 -0.049529206 -0.467959434 12.813522339
-0.492571682 0.136386842 0.859518349 0.390428245 0.023268668 0.989354253 -0.143654212 0.169366732 -0.869960725 -0.050760154 -0.490501434 12.762939453
-0.512403965 0.129969209 0.848852217 0.418797761 0.021930551 0.990138590 -0.138363540 0.149900779 -0.858464479 -0.052282248 -0.510201275 12.687099457
-0.534760356 0.122866966 0.836023390 0.514291465 0.020040732 0.990938127 -0.132815138 0.142618433 -0.844766140 -0.054269753 -0.532376707 12.646536827
-0.550014138 0.118289262 0.826735795 0.607184887 0.019300368 0.991454542 -0.129016981 0.141692549 -0.834932327 -0.055004846 -0.547596991 12.587039948
-0.555006802 0.114673957 0.823903680 0.679285288 0.016732359 0.991791010 -0.126769722 0.140955523 -0.831677556 -0.056572191 -0.552369416 12.544498444
-0.560368359 0.111493938 0.820704818 0.722963214 0.016212169 0.992184699 -0.123720244 0.136002168 -0.828084826 -0.056023490 -0.557796478 12.510900497
-0.566025913 0.108430527 0.817225397 0.773154199 0.014632468 0.992477655 -0.121548451 0.137576044 -0.824257553 -0.056841567 -0.563354671 12.472411156
-0.571494520 0.105453327 0.813801885 0.829968154 0.013805844 0.992803812 -0.118953422 0.134940594 -0.820489705 -0.056745999 -0.568837881 12.433260918
-0.577217817 0.102835126 0.810089290 0.886722803 0.012940341 0.993066192 -0.116842307 0.129756168 -0.816487670 -0.056960631 -0.574546278 12.398746490
-0.582539558 0.100210354 0.806601167 0.946412086 0.012230395 0.993339062 -0.114577286 0.127310872 -0.812710226 -0.056880761 -0.579884827 12.361282349
-0.588439763 0.097015157 0.802699685 1.003396392 0.011286376 0.993664265 -0.111821607 0.122260034 -0.808462322 -0.056740686 -0.585806370 12.333234787
-0.592394054 0.093908131 0.800156593 1.060011983 0.009661246 0.993940055 -0.109498315 0.121388622 -0.805590451 -0.057135634 -0.589711428 12.296351433
-0.594573617 0.093285337 0.798611343 1.132650375 0.008728107 0.993937135 -0.109603077 0.117156014 -0.803993821 -0.058196735 -0.591782928 12.252059937
-0.596790373 0.092179552 0.797084808 1.210339069 0.008769236 0.994069338 -0.108394310 0.114400119 -0.802349329 -0.057698853 -0.594059289 12.190721512
-0.598558962 0.091098860 0.795881987 1.289482594 0.007503195 0.994106770 -0.108145304 0.112088300 -0.801043510 -0.058759689 -0.595715106 12.132472992
-0.601014555 0.089843810 0.794172287 1.370897889 0.006538799 0.994181216 -0.107522160 0.109528802 -0.799211264 -0.059429452 -0.598104835 12.073884010
-0.603099644 0.087438405 0.792858958 1.450147629 0.005423213 0.994400322 -0.105539627 0.102395713 -0.797647595 -0.059351072 -0.600196600 12.014381409
-0.605201840 0.087731063 0.791223109 1.530425787 0.005952317 0.994379818 -0.105704248 0.100670315 -0.796049833 -0.059262805 -0.602322638 11.958170891
-0.605962992 0.085841805 0.790847600 1.604312420 0.005351780 0.994578123 -0.103854902 0.090163834 -0.795474827 -0.058699779 -0.603136897 11.907167435
-0.604752183 0.085594662 0.791800737 1.700685382 0.007032545 0.994742930 -0.102161728 0.082529046 -0.796382666 -0.056214161 -0.602174938 11.852737427
-0.603143454 0.085341431 0.793054104 1.792631388 0.009420930 0.994952619 -0.099903025 0.073030539 -0.797577024 -0.052784551 -0.600903153 11.789694786
-0.601875365 0.083180644 0.794246137 1.880819201 0.010086825 0.995273054 -0.096590273 0.054648664 -0.798526347 -0.050123896 -0.599869549 11.751995087
-0.600295901 0.080931671 0.795672596 1.967385650 0.011367586 0.995629728 -0.092693992 0.020369045 -0.799697220 -0.046598949 -0.598592401 11.709393501
-0.598661840 0.081873655 0.796806633 2.038492918 0.014227272 0.995692432 -0.091620311 0.022743486 -0.800875545 -0.043513190 -0.597247839 11.665965080
-0.596062183 0.080883063 0.798854053 2.130137682 0.015514636 0.995887816 -0.089256316 0.011601936 -0.802788377 -0.040808387 -0.594865978 11.611588478
-0.592156470 0.080221586 0.801819921 2.187510014 0.017376164 0.996072173 -0.086823836 0.003703807 -0.805635571 -0.037480749 -0.591224551 11.584702492
-0.588488400 0.079681702 0.804569602 2.244988441 0.018770631 0.996209979 -0.084931642 -0.004068531 -0.808287740 -0.034879003 -0.587753713 11.548972130
-0.584190786 0.079858214 0.807678044 2.303074360 0.021139108 0.996307135 -0.083218873 -0.011391168 -0.811341047 -0.031542096 -0.583721519 11.512211800
-0.580533981 0.079470597 0.810348511 2.367162466 0.022700936 0.996418417 -0.081455462 -0.014946101 -0.813919485 -0.028891994 -0.580258787 11.466226578
-0.576391399 0.078292251 0.813414574 2.430001259 0.022832002 0.996554077 -0.079740770 -0.016399926 -0.816854775 -0.027390003 -0.576192796 11.419326782
-0.572111905 0.077723458 0.816484571 2.492062807 0.023973962 0.996659100 -0.078076169 -0.019449582 -0.819825172 -0.025093941 -0.572063804 11.371767998
-0.568487406 0.077392332 0.819043696 2.557822704 0.024867332 0.996726990 -0.076921739 -0.018882738 -0.822316051 -0.023361607 -0.568551242 11.320114136
-0.564511240 0.077134334 0.821813405 2.623136520 0.026430622 0.996802807 -0.075403161 -0.018738063 -0.825002074 -0.020844895 -0.564745128 11.268959999
-0.560465991 0.076537609 0.824633181 2.687670708 0.027325282 0.996887207 -0.073953472 -0.019863544 -0.827726543 -0.018915068 -0.560812712 11.219792366
-0.546078980 0.071193188 0.834703088 2.703876019 0.026886193 0.997358561 -0.067476876 -0.028095754 -0.837302089 -0.014405715 -0.546550751 11.165182114
-0.534333646 0.067450091 0.842578232 2.800969124 0.027831391 0.997674584 -0.062216178 -0.035609145 -0.844815373 -0.009794072 -0.534968257 11.123168945
-0.522509992 0.063730285 0.850248039 2.893299580 0.029435664 0.997956514 -0.056712415 -0.040176570 -0.852124929 -0.004605181 -0.523318052 11.079952240
-0.510458052 0.058645915 0.857900441 2.982475758 0.029692063 0.998278797 -0.050575126 -0.049538832 -0.859389782 -0.000343653 -0.511320889 11.035570145
-0.498339176 0.053249449 0.865345359 3.063877344 0.030188195 0.998572588 -0.044062726 -0.068062119 -0.866456389 0.004165028 -0.499235362 10.988269806
-0.485113442 0.049500655 0.873049021 3.142442703 0.031390417 0.998738825 -0.039184861 -0.067134328 -0.873887658 0.008396271 -0.486055374 10.937073708
-0.461936921 0.040836401 0.885972083 3.195387840 0.029713586 0.999091268 -0.030557938 -0.080570497 -0.886414826 0.012209565 -0.462730527 10.870059967
-0.441178411 0.032300167 0.896837950 3.287557364 0.028015248 0.999360740 -0.022211142 -0.090238363 -0.896982014 0.015326058 -0.441801220 10.826883316
-0.419723183 0.022784119 0.907366157 3.376066685 0.025539998 0.999585450 -0.013285645 -0.102528021 -0.907292783 0.017597837 -0.420131117 10.790418625
-0.397189230 0.014514343 0.917621970 3.471039057 0.024375159 0.999689043 -0.005261733 -0.105672412 -0.917412996 0.020277275 -0.397419482 10.735234261
-0.374785483 0.007194262 0.927083671 3.569279909 0.024557762 0.999696076 0.002170047 -0.106176198 -0.926786244 0.023580398 -0.374848247 10.680583954
-0.352128923 -0.001071411 0.935950875 3.666682243 0.023064580 0.999685764 0.009821860 -0.107835270 -0.935667217 0.025045874 -0.351993561 10.623612404
-0.312607527 -0.010913484 0.949819624 3.756616116 0.019133970 0.999658763 0.017783565 -0.123652607 -0.949689627 0.023733102 -0.312292069 10.581324577
-0.267097265 -0.019587176 0.963470519 3.849789381 0.016922237 0.999543846 0.025011793 -0.122612163 -0.963520944 0.022984656 -0.266643971 10.566797256
-0.221014783 -0.029929848 0.974811077 3.933542967 0.013154019 0.999346554 0.033665523 -0.141969875 -0.975181758 0.020263262 -0.220476657 10.541419029
-0.175115868 -0.039575357 0.983752131 4.051681519 0.009860197 0.999071181 0.041946813 -0.144736826 -0.984498441 0.017045543 -0.174562991 10.513343811
-0.129008189 -0.049462661 0.990409076 4.140680790 0.007785618 0.998674095 0.050889555 -0.158293545 -0.991612971 0.014276117 -0.128452003 10.502856255
-0.080509894 -0.055701677 0.995196223 4.241060257 0.006358050 0.998388290 0.056394693 -0.170561671 -0.996733487 0.010867838 -0.080025978 10.502906799
-0.046631698 -0.059467882 0.997140467 4.320368290 0.004437572 0.998204172 0.059738845 -0.173296183 -0.998902261 0.007210605 -0.046284061 10.491950989
-0.012987483 -0.062537819 0.997958064 4.402586460 0.003282761 0.998034239 0.062585309 -0.173885033 -0.999910235 0.004088884 -0.012756657 10.483194351
0.020506507 -0.065832019 0.997620046 4.484004974 0.002561388 0.997829914 0.065793239 -0.174708918 -0.999786437 0.001206102 0.020630632 10.472290039
0.054168556 -0.068715252 0.996164560 4.568880558 0.001692934 0.997634232 0.068724565 -0.174918994 -0.998530269 -0.002036269 0.054156743 10.461400032
0.087744348 -0.072092690 0.993530810 4.651780605 0.000413191 0.997380257 0.072335511 -0.176590100 -0.996142864 -0.005936512 0.087544262 10.451261520
0.108830266 -0.071942136 0.991453648 4.736936092 0.001178606 0.997386336 0.072243236 -0.178015530 -0.994059622 -0.006693718 0.108630605 10.453884125
0.121133514 -0.070247106 0.990147471 4.804040432 0.001663481 0.997505724 0.070565633 -0.176913396 -0.992634773 -0.006900770 0.120948210 10.460162163
0.133373797 -0.069211356 0.988646150 4.870316982 0.002348894 0.997577727 0.069519736 -0.178779364 -0.991062939 -0.006949888 0.133213311 10.467334747
0.145381197 -0.068287477 0.987016261 4.936000824 0.002593883 0.997638047 0.068640299 -0.181214660 -0.989372253 -0.007418804 0.145214930 10.474114418
0.157666400 -0.067182235 0.985204458 5.002693653 0.003258833 0.997713029 0.067513682 -0.181857556 -0.987487018 -0.007434023 0.157524735 10.481134415
0.170107767 -0.065908976 0.983218968 5.071047306 0.004788505 0.997804224 0.066058218 -0.181466550 -0.985413790 -0.006528866 0.170049861 10.486612320
0.182269692 -0.064288415 0.981144607 5.135177612 0.005327307 0.997910023 0.064397283 -0.181589693 -0.983234107 -0.006510814 0.182231233 10.492796898
0.194486216 -0.063654803 0.978837669 5.204687119 0.005329558 0.997946024 0.063838489 -0.185368583 -0.980890751 -0.007198934 0.194426000 10.500831604
0.205061480 -0.062359054 0.976760507 5.269177914 0.005537387 0.998026252 0.062554181 -0.186784238 -0.978733420 -0.007418753 0.205002025 10.510656357
0.221820980 -0.061313588 0.973157763 5.398192883 0.008156588 0.998102844 0.061026040 -0.187595949 -0.975053310 -0.005599209 0.221900284 10.545153618
0.237506822 -0.059209235 0.969579637 5.514749050 0.009531649 0.998234570 0.058624245 -0.189857125 -0.971339107 -0.004681964 0.237651914 10.571116447
0.253753483 -0.057752766 0.965543389 5.636103630 0.011735721 0.998326302 0.056629390 -0.190563127 -0.967197776 -0.003038557 0.254006505 10.598848343
0.270173907 -0.056349792 0.961161137 5.759482861 0.013167336 0.998408735 0.054832287 -0.193915442 -0.962721527 -0.002158321 0.270485967 10.626507759
0.284870535 -0.055858016 0.956937075 5.881787300 0.014666986 0.998437822 0.053914264 -0.194191724 -0.958453774 -0.001323200 0.285244823 10.658398628
0.297071159 -0.057130914 0.953144610 5.999960899 0.016134325 0.998366177 0.054812804 -0.196585670 -0.954718947 -0.000904957 0.297507614 10.694087029
0.309498519 -0.057800118 0.949141562 6.120584488 0.017862860 0.998328149 0.054970678 -0.197136015 -0.950732052 -0.000058961 0.310013592 10.730949402
0.321841002 -0.059695207 0.944909990 6.243367195 0.019088650 0.998216629 0.056561198 -0.200536937 -0.946601272 -0.000166659 0.322406590 10.767163277
0.334263116 -0.060036123 0.940565586 6.365237713 0.020826586 0.998195946 0.056313187 -0.200325310 -0.942249656 0.000765348 0.334910423 10.805438995
0.345362455 -0.061576292 0.936447024 6.481122971 0.020404868 0.998101950 0.058105085 -0.202516079 -0.938247561 -0.000959239 0.345963359 10.843072891
0.352724075 -0.063692361 0.933557093 6.571128368 0.019516431 0.997964442 0.060712717 -0.202823207 -0.935523808 -0.003195132 0.353249103 10.876889229
0.360165387 -0.064893894 0.930628598 6.661665440 0.018379442 0.997877538 0.062470157 -0.201908812 -0.932707369 -0.005395154 0.360593677 10.911500931
0.367364675 -0.065987892 0.927733123 6.748893261 0.016029639 0.997781157 0.064622834 -0.204388291 -0.929938853 -0.008868916 0.367607266 10.944325447
0.374559671 -0.067292362 0.924757659 6.837180138 0.014531486 0.997666419 0.066711977 -0.205946892 -0.927088857 -0.011549519 0.374663532 10.978248596
0.382009268 -0.068484470 0.921617448 6.926606655 0.012587004 0.997543395 0.068909161 -0.207971677 -0.924072921 -0.014723532 0.381932795 11.011705399
0.389229029 -0.069556221 0.918511093 7.016614914 0.010559388 0.997416258 0.071056828 -0.208774790 -0.921080470 -0.017958462 0.388957888 11.046541214
0.395446420 -0.070296280 0.915794969 7.103158474 0.009427269 0.997325063 0.072483741 -0.212134570 -0.918440640 -0.020029996 0.395051360 11.082241058
0.399710923 -0.069236718 0.914022684 7.165120602 0.008728557 0.997385561 0.071734346 -0.211861148 -0.916599691 -0.020694897 0.399270236 11.108644485
0.403775573 -0.068657793 0.912278116 7.225343227 0.007364027 0.997391582 0.071804099 -0.213439420 -0.914828420 -0.022274692 0.403227955 11.134840012
0.407918900 -0.067725673 0.910502791 7.286590099 0.006617388 0.997438252 0.071227476 -0.212322310 -0.912994146 -0.023029879 0.407322019 11.162631035
0.412149101 -0.067469567 0.908614874 7.346568108 0.005455007 0.997419238 0.071589366 -0.215170890 -0.911100090 -0.024548993 0.411453515 11.188453674
0.416285902 -0.067132764 0.906751990 7.408281326 0.004159070 0.997400701 0.071934670 -0.215997055 -0.909224272 -0.026174141 0.415483117 11.215362549
0.420315802 -0.066784211 0.904916823 7.468030453 0.003469296 0.997398674 0.071998104 -0.217483938 -0.907371223 -0.027122514 0.419454157 11.240892410
0.424425423 -0.066150501 0.903043270 7.527922153 0.002933253 0.997422993 0.071685448 -0.218646020 -0.905458152 -0.027776280 0.423525721 11.266209602
0.428529620 -0.065670893 0.901138008 7.585952282 0.001474229 0.997404575 0.071985304 -0.221247852 -0.903526545 -0.029519347 0.427514166 11.291795731
0.432423860 -0.064659938 0.899349034 7.646268368 0.000194515 0.997432053 0.071618222 -0.222258657 -0.901670396 -0.030794485 0.431325942 11.317951202
0.435723543 -0.062695295 0.897894323 7.705914497 0.000004532 0.997571409 0.069653019 -0.223001629 -0.900080502 -0.030345391 0.434665561 11.345962524
0.439524263 -0.060927130 0.896161973 7.771047115 -0.000379067 0.997684121 0.068015210 -0.225318700 -0.898230672 -0.030234043 0.438483328 11.377190590
0.443415046 -0.058978748 0.894373834 7.834160805 -0.000824081 0.997805476 0.066208027 -0.228327483 -0.896315992 -0.030094676 0.442393363 11.406639099
0.446695685 -0.056970708 0.892870247 7.900501251 -0.001414777 0.997924268 0.064381622 -0.229646415 -0.894684792 -0.030022198 0.445687920 11.440091133
0.450690269 -0.054942217 0.890987992 7.967801094 -0.001484911 0.998056591 0.062295660 -0.230471954 -0.892679155 -0.029399082 0.449732840 11.471752167
0.454485208 -0.053256333 0.889160812 8.035285950 -0.001725215 0.998156548 0.060666464 -0.232049972 -0.890752614 -0.029106002 0.453555584 11.503643990
0.458065301 -0.050842907 0.887463212 8.100575447 -0.002109793 0.998297870 0.058281615 -0.233885363 -0.888916075 -0.028569149 0.457178384 11.535694122
0.461769998 -0.049576573 0.885613084 8.167572021 -0.002148982 0.998371363 0.057009269 -0.235464349 -0.886997044 -0.028228337 0.460911393 11.567811966
0.465370923 -0.047435589 0.883843601 8.237390518 -0.002462870 0.998489618 0.054885376 -0.234662473 -0.885112345 -0.027718853 0.464551270 11.603364944
0.468900591 -0.046227492 0.882040501 8.303726196 -0.001434309 0.998588264 0.053098228 -0.237301901 -0.883249819 -0.026162907 0.468172371 11.637045860
0.473869026 -0.044349495 0.879477739 8.389001846 -0.000875818 0.998706758 0.050833751 -0.257103950 -0.880594909 -0.024858804 0.473217338 11.658329010
0.477631688 -0.042941254 0.877510071 8.415905952 0.000405876 0.998815596 0.048656449 -0.256249636 -0.878560126 -0.022883702 0.477083325 11.667460442
0.482382774 -0.041339919 0.874984443 8.474116325 0.001824710 0.998930991 0.046189975 -0.262656331 -0.875958562 -0.020684659 0.481942624 11.682824135
0.488223284 -0.039295755 0.871833563 8.559509277 0.002103530 0.999035835 0.043851104 -0.276320904 -0.872716248 -0.019575201 0.487835139 11.675896645
0.494101703 -0.038139470 0.868567109 8.643870354 0.003165526 0.999109507 0.042070925 -0.293334812 -0.869398296 -0.018037841 0.493782431 11.670978546
0.499989033 -0.037328310 0.865226865 8.706914902 0.005165773 0.999181390 0.040122345 -0.302560091 -0.866016388 -0.015591163 0.499772519 11.652430534
0.503779709 -0.037235189 0.863029242 8.768633842 0.005979914 0.999196947 0.039619423 -0.322238177 -0.863811433 -0.014798628 0.503597975 11.662829399
0.507386565 -0.037234318 0.860913754 8.826410294 0.007198473 0.999214292 0.038973305 -0.334958434 -0.861688495 -0.013577270 0.507255971 11.657451630
0.510483682 -0.036082111 0.859129965 8.866524696 0.008804290 0.999286115 0.036737055 -0.326404750 -0.859842300 -0.011189638 0.510436952 11.679638863
0.514181972 -0.034864791 0.856972158 8.937390327 0.010228610 0.999351680 0.034520160 -0.326449573 -0.857620120 -0.008984008 0.514205217 11.720334053
0.517104328 -0.033933081 0.855249405 9.008520126 0.011428708 0.999398410 0.032742303 -0.328102827 -0.855846047 -0.007156790 0.517180979 11.761845589
0.520335197 -0.032631032 0.853338420 9.077178001 0.013008030 0.999456584 0.030286653 -0.329714537 -0.853863001 -0.004658960 0.520476937 11.802538872
0.522941172 -0.031890430 0.851771891 9.149188042 0.014562462 0.999488235 0.028480392 -0.330852598 -0.852244377 -0.002489672 0.523137927 11.844072342
0.526177347 -0.030966578 0.849810839 9.219806671 0.015285731 0.999519646 0.026957406 -0.332505494 -0.850237489 -0.001194398 0.526398003 11.885170937
0.531666100 -0.032423358 0.846333146 9.293941498 0.016405415 0.999473751 0.027984357 -0.337668031 -0.846795082 -0.000993890 0.531918287 11.903813362
0.536066175 -0.033633780 0.843505621 9.369890213 0.016614841 0.999432802 0.029292090 -0.346926063 -0.844012439 -0.001687786 0.536320925 11.928987503
0.540846527 -0.034503449 0.840413332 9.459152222 0.017554784 0.999403715 0.029733501 -0.352118194 -0.840938270 -0.001327981 0.541129649 11.954919815
0.545849502 -0.035728656 0.837121069 9.536865234 0.017978175 0.999359846 0.030930297 -0.360549629 -0.837690294 -0.001833375 0.546142340 11.975225449
