1.000000000 0.000000000 0.000000000 0.000000000 0.000000000 1.000000000 0.000000000 0.000000000 0.000000000 0.000000000 1.000000000 0.000000000
0.999991179 -0.004187409 -0.000263200 0.001305007 0.004188237 0.999985993 0.003223879 0.002116666 0.000249697 -0.003224954 0.999994755 0.190321103
0.999992371 -0.003823057 -0.000831431 0.001392883 0.003829889 0.999957561 0.008377041 0.003810553 0.000799370 -0.008380160 0.999964535 0.369905591
0.999993324 -0.003298666 -0.001571578 0.004433215 0.003318137 0.999915659 0.012552048 0.007925516 0.001530041 -0.012557178 0.999920011 0.547445774
0.999998093 -0.000479814 -0.001901146 0.006518083 0.000514124 0.999836206 0.018087644 0.009971183 0.001892156 -0.018088585 0.999834597 0.710340381
0.999991715 0.002998503 -0.002720689 0.010072173 -0.002933474 0.999717176 0.023599017 0.011780211 0.002790682 -0.023590842 0.999717832 0.873393714
0.999974191 0.006291815 -0.003472816 0.010939547 -0.006196163 0.999619067 0.026898464 0.013460035 0.003640733 -0.026876254 0.999632120 1.031385064
0.999945283 0.008892192 -0.005503175 0.010667702 -0.008747131 0.999627650 0.025845168 0.016522225 0.005730946 -0.025795612 0.999650836 1.175341010
0.999905944 0.011128413 -0.008019838 0.011802713 -0.010927440 0.999635577 0.024682144 0.019208578 0.008291588 -0.024592185 0.999663115 1.319323421
0.999848366 0.013923768 -0.010469454 0.013912349 -0.013675676 0.999632478 0.023406256 0.020189751 0.010791509 -0.023259530 0.999671161 1.460056305
0.999774039 0.015373522 -0.014676549 0.012104820 -0.015086984 0.999697208 0.019438371 0.022442456 0.014970941 -0.019212555 0.999703348 1.636560321
0.999686778 0.015355270 -0.019763576 0.011159387 -0.015073355 0.999783635 0.014335157 0.024335118 0.019979423 -0.014032765 0.999701917 1.825944304
0.999559164 0.015641768 -0.025235206 0.010274947 -0.015409286 0.999837279 0.009380942 0.025213530 0.025377834 -0.008987950 0.999637544 2.013403654
0.999434233 0.011104926 -0.031746306 0.005353461 -0.010944976 0.999926567 0.005207743 0.027474886 0.031801801 -0.004857336 0.999482393 2.193476915
0.999228001 0.007372804 -0.038586076 0.000182672 -0.007317070 0.999971926 0.001585423 0.029424002 0.038596675 -0.001301862 0.999253988 2.372491360
0.998980582 0.002647740 -0.045064580 -0.003847260 -0.002753221 0.999993622 -0.002278760 0.031075563 0.045058258 0.002400510 0.998981476 2.546640396
0.998510063 -0.002311269 -0.054518629 -0.012586393 0.002123955 0.999991596 -0.003493482 0.032639906 0.054526240 0.003372482 0.998506665 2.737389326
0.997893095 -0.006840991 -0.064518295 -0.021575574 0.006547107 0.999967158 -0.004765390 0.033801887 0.064548783 0.004332942 0.997905076 2.933037758
0.997155845 -0.011369740 -0.074504636 -0.031369843 0.010971523 0.999923229 -0.005751983 0.035440400 0.074564300 0.004918193 0.997204065 3.129991531
0.996202588 -0.011794482 -0.086264484 -0.044027377 0.011818639 0.999930143 -0.000230725 0.036656797 0.086261168 -0.000789680 0.996272266 3.303831339
0.995122254 -0.012000870 -0.097916715 -0.057568036 0.012561169 0.999908030 0.005107725 0.040329088 0.097846396 -0.006312758 0.995181501 3.475708008
0.993949473 -0.011524883 -0.109232195 -0.071839429 0.012755893 0.999862611 0.010577570 0.043576330 0.109095305 -0.011906923 0.993959904 3.646930695
0.992294073 -0.007911625 -0.123652361 -0.093955860 0.009804814 0.999843717 0.014709559 0.046235472 0.123516664 -0.015808597 0.992216587 3.836323738
0.990162969 -0.003287313 -0.139879972 -0.117181398 0.005944803 0.999809742 0.018584775 0.049930774 0.139792234 -0.019233514 0.989994049 4.033640862
0.987735033 0.001468928 -0.156132638 -0.141154036 0.001981157 0.999757349 0.021939233 0.052708030 0.156126961 -0.021979472 0.987492442 4.230890751
0.985418200 0.004625496 -0.170086712 -0.169939607 -0.001020202 0.999773085 0.021278093 0.054326851 0.170146525 -0.020794300 0.985199273 4.391253471
0.982784212 0.008501930 -0.184561253 -0.196798965 -0.004661908 0.999763727 0.021230184 0.056807902 0.184698164 -0.020004285 0.982591689 4.552965641
0.980044603 0.012543423 -0.198381469 -0.226563469 -0.008674259 0.999755085 0.020360721 0.060846608 0.198588267 -0.018233603 0.979913354 4.715588093
0.976033628 0.010719780 -0.217355177 -0.275547385 -0.007780313 0.999866426 0.014375092 0.063684635 0.217480198 -0.012339484 0.975986719 4.907999992
0.971466541 0.008668876 -0.237018242 -0.324117124 -0.006958263 0.999943376 0.008052818 0.066978790 0.237074614 -0.006173808 0.971471786 5.103220463
0.966396987 0.004796801 -0.257009298 -0.379399806 -0.004040469 0.999985814 0.003470828 0.070237771 0.257022381 -0.002315760 0.966402709 5.294054985
0.960845292 -0.000792806 -0.277084231 -0.437849283 0.000799962 0.999999702 -0.000087215 0.073329084 0.277084172 -0.000137857 0.960845590 5.481131554
0.955034912 -0.005873353 -0.296434999 -0.494943529 0.005208502 0.999981761 -0.003032520 0.076389156 0.296447396 0.001352181 0.955048203 5.659113407
0.949399948 -0.008956168 -0.313941807 -0.550089002 0.007976527 0.999958396 -0.004404899 0.079433233 0.313968271 0.001677845 0.949431956 5.822431087
0.943401039 -0.010956278 -0.331473231 -0.604741871 0.009743123 0.999938369 -0.005321487 0.080512792 0.331511080 0.001790712 0.943449616 5.984302521
0.937217116 -0.011107048 -0.348569572 -0.666794419 0.012155319 0.999925792 0.000820352 0.084853008 0.348534524 -0.005005822 0.937282562 6.154925346
0.930863261 -0.009873194 -0.365234107 -0.729111493 0.014084053 0.999861479 0.008866919 0.086423203 0.365096033 -0.013397866 0.930873454 6.327065468
0.924001932 -0.004642661 -0.382359505 -0.797679305 0.011918014 0.999790132 0.016661234 0.089197561 0.382201970 -0.019951979 0.923863411 6.500469208
0.916613877 0.003067811 -0.399761707 -0.871414542 0.007746644 0.999646485 0.025433674 0.093973443 0.399698406 -0.026409676 0.916266143 6.680531979
0.909437001 0.010138458 -0.415717989 -0.946100414 0.002985277 0.999517798 0.030906748 0.097264737 0.415830880 -0.029348776 0.908968270 6.845643997
0.901153147 0.012786097 -0.433312297 -1.007839441 0.001001222 0.999500930 0.031575311 0.097806007 0.433499753 -0.028888032 0.900690556 6.985984325
0.893318772 0.016852833 -0.449107409 -1.068612695 -0.002302821 0.999455214 0.032924194 0.101505868 0.449417621 -0.028377585 0.892870843 7.125981808
0.883493125 0.017476635 -0.468118012 -1.142216563 -0.002638415 0.999473572 0.032334615 0.072139487 0.468436688 -0.027332319 0.883074164 7.261352062
0.873009503 0.017494729 -0.487389326 -1.228970289 -0.004043539 0.999581695 0.028636988 0.074920140 0.487686455 -0.023029588 0.872715056 7.422233582
0.861122549 0.015579726 -0.508158624 -1.320536137 -0.003610858 0.999692500 0.024530808 0.077531308 0.508384645 -0.019289142 0.860913992 7.593140602
0.848564684 0.010083838 -0.528995514 -1.433311701 -0.000352240 0.999828875 0.018493950 0.079113066 0.529091537 -0.015506977 0.848423064 7.773139954
0.835907876 0.004728355 -0.548849404 -1.534722328 0.003763390 0.999889970 0.014345796 0.080607161 0.548856854 -0.014057297 0.835798144 7.937113285
0.824945331 0.000040437 -0.565212548 -1.618898749 0.008446058 0.999887466 0.012398816 0.078628927 0.565149546 -0.015002165 0.824852109 8.073072433
0.814008415 -0.003950314 -0.580839574 -1.717197180 0.012751560 0.999857426 0.011070396 0.083865955 0.580713034 -0.016418008 0.813942730 8.209039688
0.802092552 -0.003939232 -0.597186744 -1.823178172 0.014286770 0.999818563 0.012593704 0.080922469 0.597028792 -0.018633187 0.802003384 8.355862617
0.788811028 -0.003088302 -0.614628077 -1.945628285 0.016331514 0.999739647 0.015936436 0.083509676 0.614418805 -0.022608645 0.788656175 8.515655518
0.775318265 -0.002466010 -0.631565988 -2.067848921 0.018954538 0.999632716 0.019365668 0.085287936 0.631286144 -0.026985595 0.775080323 8.676470757
0.763669610 0.002528799 -0.645602286 -2.178485155 0.016019307 0.999610186 0.022864344 0.091615401 0.645408452 -0.027802907 0.763331473 8.816234589
0.752134681 0.007258572 -0.658969402 -2.313171864 0.011931837 0.999625385 0.024629677 0.123595320 0.658901393 -0.026387552 0.751766324 8.973073959
0.742288709 0.010430356 -0.669999063 -2.448255062 0.009616152 0.999610126 0.026215337 0.128195032 0.670011282 -0.025902161 0.741898894 9.121541023
0.731765091 0.013033149 -0.681432426 -2.585131645 0.007762994 0.999592841 0.027454713 0.125444144 0.681512773 -0.025380354 0.731365919 9.269838333
0.721808374 0.017663835 -0.691867530 -2.728133202 0.002446876 0.999602854 0.028073290 0.149706796 0.692088664 -0.021956449 0.721478522 9.421026230
0.715148330 0.016398873 -0.698780298 -2.846299171 0.002084468 0.999670267 0.025593409 0.149410099 0.698969662 -0.019759670 0.714878261 9.538937569
0.708384037 0.014108509 -0.705686212 -2.961133003 0.002614209 0.999740899 0.022611635 0.144182935 0.705822408 -0.017862532 0.708163619 9.661293030
0.702262580 0.013027278 -0.711798906 -3.080239058 0.001931067 0.999794066 0.020203333 0.142877325 0.711915433 -0.015562575 0.702092707 9.778665543
0.696520746 0.008405743 -0.717487514 -3.192739248 0.004664994 0.999857187 0.016242525 0.146986067 0.717521548 -0.014660330 0.696381986 9.889690399
0.691899180 0.005273219 -0.721974850 -3.320571661 0.004559005 0.999921501 0.011672396 0.153374851 0.721979618 -0.011367609 0.691820860 10.018828392
0.687562346 0.000751926 -0.726124942 -3.426693201 0.006558352 0.999952257 0.007245536 0.154070526 0.726095736 -0.009743941 0.687524676 10.122368813
0.682794631 -0.002641045 -0.730605602 -3.535145998 0.008490997 0.999954700 0.004320636 0.156021580 0.730560958 -0.009153678 0.682786107 10.225480080
0.677798629 -0.006109388 -0.735222161 -3.658981562 0.011438155 0.999932051 0.002235777 0.154984236 0.735158563 -0.009924991 0.677822530 10.331804276
0.673109353 -0.009463044 -0.739482462 -3.814401388 0.018474642 0.999821246 0.004021874 0.126327097 0.739312172 -0.016368838 0.673163950 10.439428329
0.668745816 -0.011657500 -0.743399680 -3.962707758 0.021600645 0.999759674 0.003753895 0.129007280 0.743177235 -0.018568318 0.668836951 10.575273514
0.662964702 -0.014150736 -0.748517036 -4.097023010 0.025704529 0.999662101 0.003867966 0.127505198 0.748209357 -0.021804605 0.663104415 10.705469131
0.658786714 -0.012410704 -0.752227306 -4.257068157 0.027293038 0.999599993 0.007410730 0.126240388 0.751834393 -0.025412662 0.658861995 10.833542824
0.654294610 -0.010419729 -0.756167889 -4.406428814 0.027849175 0.999558806 0.010323678 0.128426567 0.755726755 -0.027813377 0.654296219 10.966404915
0.650518656 -0.007840183 -0.759449720 -4.562393665 0.028391294 0.999498844 0.014000678 0.134788901 0.758959413 -0.030669466 0.650415242 11.098837852
0.645800710 -0.005336716 -0.763487399 -4.698781013 0.028914051 0.999429166 0.017471202 0.133732468 0.762958348 -0.033358429 0.645586371 11.223675728
0.642239988 -0.001384201 -0.766502380 -4.837473869 0.025864324 0.999468029 0.019866390 0.137366772 0.766067147 -0.032584053 0.641934097 11.343083382
0.638189733 0.001214232 -0.769878209 -4.965363979 0.023977906 0.999482334 0.021452816 0.138450056 0.769505620 -0.032151032 0.637830138 11.453150749
0.633891523 0.004999876 -0.773405850 -5.101765633 0.021389175 0.999483287 0.023992203 0.147490606 0.773126125 -0.031750966 0.633457005 11.564790726
0.630733192 0.008725555 -0.775950611 -5.235462189 0.018329646 0.999490261 0.026138544 0.151584491 0.775783241 -0.030709350 0.630251765 11.672142982
0.627191842 0.009053784 -0.778812170 -5.355309486 0.016578032 0.999550760 0.024970492 0.155208632 0.778688312 -0.028572461 0.626759946 11.771196365
0.623111248 0.010213354 -0.782066524 -5.475294590 0.014620786 0.999587834 0.024703173 0.161025316 0.781996548 -0.026827255 0.622705102 11.862698555
0.619474351 0.011009730 -0.784939647 -5.592283249 0.012475747 0.999637246 0.023866985 0.163240328 0.784917772 -0.024577694 0.619112253 11.956701279
0.615638018 0.012398072 -0.787931561 -5.710605145 0.010414312 0.999660909 0.023866683 0.164057165 0.787960291 -0.022899002 0.615300119 12.051758766
0.611686170 0.012424406 -0.791002989 -5.825191975 0.009505250 0.999689043 0.023052722 0.165651411 0.791043401 -0.021619715 0.611377835 12.144918442
0.607559502 0.012253389 -0.794179738 -5.947056770 0.009105372 0.999707818 0.022390230 0.167209834 0.794221997 -0.020834697 0.607270420 12.237994194
0.602400184 0.011177490 -0.798116028 -6.054868221 0.010160110 0.999713540 0.021669460 0.158345580 0.798129559 -0.021162633 0.602114081 12.329206467
0.599018395 0.009605216 -0.800677657 -6.196571350 0.011135545 0.999731421 0.020324072 0.170379043 0.800657809 -0.021090474 0.598750591 12.408882141
0.594763517 0.007944709 -0.803861439 -6.321681499 0.012555550 0.999737382 0.019170223 0.171082899 0.803802669 -0.021494672 0.594507575 12.505817413
0.589919209 0.006759050 -0.807434022 -6.451127052 0.012393340 0.999771357 0.017423805 0.176068231 0.807367206 -0.020285441 0.589700580 12.602766991
0.584925175 0.004701857 -0.811073601 -6.589685917 0.013326586 0.999792516 0.015406659 0.178627223 0.810977817 -0.019820588 0.584741235 12.704501152
0.579022229 0.001562962 -0.815310180 -6.742100239 0.016424717 0.999772966 0.013581187 0.179449558 0.815146267 -0.021255052 0.578865051 12.808938980
0.573257327 -0.001924214 -0.819373131 -6.888987064 0.019512601 0.999745727 0.011303780 0.175816089 0.819142997 -0.022468075 0.573149085 12.911790848
0.567030072 -0.004684847 -0.823683798 -7.049120426 0.021812219 0.999718487 0.009329619 0.183322072 0.823408246 -0.023256548 0.566972673 13.025524139
0.560833097 -0.007591353 -0.827894151 -7.199324131 0.024714390 0.999665856 0.007575646 0.183229461 0.827559888 -0.024709569 0.560833335 13.132789612
0.554605603 -0.009110424 -0.832063496 -7.340900421 0.027387511 0.999598145 0.007310146 0.192223787 0.831662536 -0.026842395 0.554632306 13.222373009
0.548642457 -0.010227760 -0.835994542 -7.474844933 0.030420620 0.999507248 0.007736089 0.188309297 0.835503459 -0.029675823 0.548683226 13.315295219
0.542538285 -0.011714177 -0.839949369 -7.611103535 0.033189818 0.999420941 0.007499687 0.191499487 0.839375138 -0.031946637 0.542612970 13.406691551
0.536008298 -0.013486302 -0.844105005 -7.741934776 0.036339927 0.999314249 0.007109836 0.192298397 0.843430221 -0.034485638 0.536130786 13.494905472
0.529720128 -0.014454079 -0.848049283 -7.881387711 0.039119486 0.999207079 0.007404950 0.192871287 0.847269773 -0.037097801 0.529865623 13.586413383
0.520241857 -0.013073169 -0.853918850 -8.061460495 0.039704297 0.999171853 0.008892524 0.195161775 0.853095472 -0.038530510 0.520330131 13.696607590
0.510930657 -0.011473516 -0.859545350 -8.237114906 0.041211437 0.999088049 0.011160709 0.193595722 0.858633459 -0.041125450 0.510937631 13.805007935
0.501436710 -0.009979111 -0.865136862 -8.430706024 0.042418230 0.999014676 0.013062419 0.202619299 0.864153862 -0.043247551 0.501365900 13.921729088
0.491682291 -0.007950711 -0.870738387 -8.611462593 0.043078933 0.998955965 0.015204033 0.206017822 0.869708478 -0.044986021 0.491511464 14.029201508
0.482160777 -0.003276749 -0.876076639 -8.776457787 0.043086514 0.998871684 0.019977219 0.206797630 0.875022650 -0.047379315 0.481757939 14.120226860
0.472943723 0.002308903 -0.881089628 -8.933910370 0.040086705 0.998904645 0.024135036 0.208371386 0.880180240 -0.046734497 0.472333133 14.207230568
0.463245690 0.007116529 -0.886201322 -9.098796844 0.038854986 0.998843133 0.028331829 0.214009404 0.885377645 -0.047557943 0.462433279 14.297833443
0.453928709 0.012697325 -0.890947521 -9.252442360 0.037178803 0.998757780 0.033176009 0.210830897 0.890262008 -0.048183914 0.452892751 14.383091927
0.445096105 0.015319029 -0.895351768 -9.404722214 0.035169806 0.998783171 0.034572259 0.219015673 0.894791901 -0.046877325 0.444015741 14.461015701
0.436193734 0.017456084 -0.899683475 -9.537850380 0.033072200 0.998825312 0.035414089 0.216971204 0.899244905 -0.045201913 0.435104042 14.530653000
0.427472740 0.019812737 -0.903811038 -9.678065300 0.029738376 0.998910487 0.035962708 0.224300206 0.903538942 -0.042250950 0.426417887 14.593031883
0.418765306 0.022057833 -0.907826543 -9.823191643 0.026231857 0.998993874 0.036373287 0.230014399 0.907715499 -0.039045848 0.417765468 14.659936905
0.410739928 0.023573278 -0.911447704 -9.963101387 0.024289977 0.999027908 0.036784582 0.231493875 0.911428869 -0.037247945 0.409768134 14.726529121
0.400108814 0.024556799 -0.916138589 -10.124607086 0.022992816 0.999057353 0.036821153 0.230731755 0.916179180 -0.035797074 0.399167031 14.815248489
0.389674276 0.022858951 -0.920669079 -10.286505699 0.022515833 0.999156654 0.034337550 0.231408894 0.920677423 -0.034110088 0.388830990 14.888013840
0.378770441 0.020686872 -0.925259411 -10.472868919 0.021199444 0.999293923 0.031020476 0.260040790 0.925247848 -0.031364623 0.378064424 14.960644722
0.367560059 0.020427801 -0.929775357 -10.634731293 0.020769907 0.999329090 0.030166730 0.254125625 0.929767847 -0.030399431 0.366889179 15.033480644
0.358043641 0.017341118 -0.933543801 -10.814558029 0.020794535 0.999431491 0.026540380 0.263231695 0.933473349 -0.028915223 0.357479423 15.098611832
0.348375887 0.014930864 -0.937235951 -10.930989265 0.022939963 0.999437928 0.024448697 0.254598349 0.937074184 -0.030017491 0.347837508 15.153832436
0.340444267 0.010480856 -0.940206289 -11.141676903 0.025626760 0.999463081 0.020420741 0.258523583 0.939915419 -0.031046566 0.339992911 15.203863144
0.330861866 0.006768172 -0.943654954 -11.296504021 0.028443884 0.999448478 0.017141260 0.251754344 0.943250477 -0.032512601 0.330486864 15.260971069
0.321676552 0.003246560 -0.946844041 -11.448978424 0.030072009 0.999454618 0.013643487 0.257818699 0.946371913 -0.032862294 0.321403533 15.314511299
0.314002335 0.000901871 -0.949421763 -11.620793343 0.031494346 0.999439299 0.011365515 0.264304310 0.948899686 -0.033470221 0.313797921 15.363414764
0.304355592 -0.000540391 -0.952558279 -11.816847801 0.034725592 0.999341428 0.010528377 0.267286181 0.951925337 -0.036282521 0.304173917 15.422996521
0.294107854 -0.001098535 -0.955771565 -12.008487701 0.037537742 0.999241054 0.010402530 0.290618420 0.955034792 -0.038936976 0.293925881 15.513772011
0.285226792 -0.001465545 -0.958458960 -12.219125748 0.041683078 0.999071658 0.010876773 0.289131343 0.957553267 -0.043053858 0.285023093 15.556403160
0.275500029 -0.000117259 -0.961301148 -12.398071289 0.044133402 0.998947144 0.012526376 0.283925265 0.960287452 -0.045876503 0.275215179 15.620363235
0.268325895 0.002763856 -0.963324249 -12.613338470 0.043719623 0.998930514 0.015043749 0.292917341 0.962335587 -0.046152797 0.267918110 15.672678947
0.259854198 0.006605248 -0.965625286 -12.813659668 0.044196025 0.998847365 0.018725855 0.299637973 0.964635968 -0.047542796 0.259262770 15.727092743
0.251560092 0.009431652 -0.967795670 -13.007943153 0.044834927 0.998765409 0.021387452 0.300053775 0.966802657 -0.048771285 0.250826627 15.780525208
0.243340537 0.012976615 -0.969854116 -13.214861870 0.044795465 0.998693168 0.024601854 0.304858774 0.968906045 -0.049431697 0.242441252 15.837931633
0.238718033 0.016748689 -0.970944464 -13.377790451 0.044826146 0.998595476 0.028246693 0.318992198 0.970053732 -0.050266698 0.237631932 15.820475578
0.232558757 0.020354569 -0.972369313 -13.553014755 0.043567102 0.998559356 0.031322621 0.322068304 0.971606076 -0.049647655 0.231336921 15.860913277
0.226564318 0.024162972 -0.973696470 -13.722323418 0.042859472 0.998476565 0.034750652 0.321419418 0.973052680 -0.049605377 0.225183547 15.902277946
0.219221368 0.026732903 -0.975308836 -13.884903908 0.041456774 0.998466492 0.036685936 0.333239675 0.974793971 -0.048475493 0.217776954 15.966338158
0.212775558 0.030866219 -0.976613462 -14.063120842 0.041408654 0.998318076 0.040573940 0.335294485 0.976223290 -0.049073387 0.211139545 15.993152618
0.206368715 0.032104209 -0.977947533 -14.249505997 0.038937252 0.998400450 0.040992275 0.333040655 0.977699280 -0.046538107 0.204788581 16.000089645
0.199396729 0.033880387 -0.979332924 -14.423123360 0.038611043 0.998354316 0.042399820 0.326583803 0.979157865 -0.046267457 0.197760448 16.049175262
0.191907868 0.034545176 -0.980804682 -14.612858772 0.037683103 0.998383999 0.042537548 0.334471285 0.980689228 -0.045123067 0.190295979 16.089580536
0.186135426 0.036569890 -0.981843352 -14.794452667 0.035856642 0.998388588 0.043983746 0.317267746 0.981869638 -0.043392543 0.184524208 16.095970154
0.179253235 0.037450418 -0.983089864 -14.947225571 0.033510175 0.998462915 0.044146176 0.337089598 0.983232081 -0.040856861 0.177722722 16.102201462
0.170652077 0.034578115 -0.984724462 -15.121116638 0.033915963 0.998585641 0.040942457 0.345052093 0.984747469 -0.040384796 0.169237971 16.163490295
0.160762385 0.030610630 -0.986518264 -15.390912056 0.031660989 0.998844624 0.036152557 0.366204679 0.986485183 -0.037046108 0.159607455 16.268976212
0.153118625 0.028462864 -0.987797797 -15.542099953 0.030468659 0.998973906 0.033507850 0.365557581 0.987737954 -0.035227545 0.152094290 16.278671265
0.144387230 0.025060585 -0.989203870 -15.741128922 0.029824091 0.999114871 0.029664889 0.373335630 0.989071727 -0.033785336 0.143512025 16.337285995
0.136171058 0.022616062 -0.990427136 -15.912549019 0.029412180 0.999206424 0.026860332 0.360632241 0.990248680 -0.032788221 0.135397807 16.364355087
0.127162620 0.019197078 -0.991696060 -16.090147018 0.030470870 0.999265134 0.023250801 0.394348770 0.991413713 -0.033174478 0.126484230 16.371257782
0.117294706 0.016861096 -0.992953956 -16.336956024 0.033725824 0.999211490 0.020951286 0.372160554 0.992524266 -0.035945676 0.116633564 16.395069122
0.107332699 0.014186776 -0.994121909 -16.534433365 0.036123667 0.999182343 0.018159168 0.373831898 0.993566692 -0.037860408 0.106732458 16.418869019
0.098208360 0.011218111 -0.995102584 -16.732137680 0.038899273 0.999128997 0.015102540 0.381035745 0.994405270 -0.040191974 0.097686447 16.434549332
0.087818608 0.010160587 -0.996084571 -16.915180206 0.040824056 0.999071240 0.013790255 0.399687946 0.995299578 -0.041875262 0.087322235 16.407699585
0.075047493 0.011879144 -0.997109175 -17.135431290 0.043043677 0.998958588 0.015140861 0.395619214 0.996250510 -0.044055536 0.074458003 16.454479218
0.062753737 0.012941517 -0.997945130 -17.335510254 0.044679355 0.998877048 0.015763169 0.388574570 0.997028351 -0.045576748 0.062105045 16.463470459
0.051178459 0.014106949 -0.998589873 -17.534553528 0.048043825 0.998707831 0.016570894 0.383711070 0.997533202 -0.048824154 0.050434571 16.466613770
0.039762318 0.014994510 -0.999096572 -17.710109711 0.050694060 0.998569548 0.017004132 0.374779165 0.997922421 -0.051324397 0.038945299 16.475807190
0.028705187 0.015726844 -0.999464154 -17.895223618 0.051361799 0.998532116 0.017187320 0.394449949 0.998267412 -0.051827647 0.027855296 16.493352890
0.018285416 0.017499829 -0.999679625 -18.043451309 0.051638436 0.998495817 0.018423641 0.400293797 0.998498380 -0.051958784 0.017354246 16.497648239
0.007508345 0.018667946 -0.999797583 -18.180049896 0.052665107 0.998430669 0.019037932 0.398041636 0.998583913 -0.052797396 0.006513415 16.497779846
-0.002258876 0.020644890 -0.999784291 -18.327255249 0.052627113 0.998403966 0.020497479 0.401647329 0.998611689 -0.052569468 -0.003341752 16.501438141
-0.012818826 0.022365905 -0.999667645 -18.472427368 0.053449340 0.998335779 0.021650720 0.404380918 0.998488307 -0.053154040 -0.013992937 16.507251740
-0.024894077 0.024337035 -0.999393821 -18.620359421 0.053092472 0.998324990 0.022988513 0.404619306 0.998279274 -0.052488014 -0.026144490 16.509428024
-0.040976018 0.026387537 -0.998811722 -18.789545059 0.051358331 0.998385370 0.024269314 0.415333450 0.997839272 -0.050302848 -0.042265080 16.490180969
-0.056876052 0.028782595 -0.997966290 -18.951755524 0.050947804 0.998365641 0.025890501 0.411802500 0.997080445 -0.049371634 -0.058249507 16.478603363
-0.072307356 0.030811787 -0.996906340 -19.124618530 0.049242571 0.998414040 0.027286740 0.420633107 0.996166050 -0.047117192 -0.073709935 16.474872589
-0.087433614 0.033327974 -0.995612681 -19.288457870 0.046786949 0.998474598 0.029314999 0.418778926 0.995070994 -0.044018563 -0.088859580 16.466575623
-0.106731176 0.033930313 -0.993708789 -19.455562592 0.045957852 0.998517692 0.029158324 0.420796841 0.993225157 -0.042556621 -0.108132355 16.448968887
-0.129477128 0.033492602 -0.991016567 -19.640640259 0.042939778 0.998681307 0.028141517 0.429458559 0.990652263 -0.038910348 -0.130744547 16.423067093
-0.151606932 0.032945950 -0.987891674 -19.817056656 0.039415248 0.998850882 0.027262572 0.431418091 0.987654686 -0.034804795 -0.152731299 16.415704727
-0.173293695 0.032109719 -0.984346688 -20.001567841 0.037005968 0.998974919 0.026072014 0.433380365 0.984174669 -0.031908590 -0.174304277 16.391117096
-0.195930511 0.030693572 -0.980137348 -20.175992966 0.035340622 0.999081671 0.024222201 0.438521653 0.979980826 -0.029892797 -0.196835309 16.362585068
-0.219007984 0.029951215 -0.975263178 -20.336353302 0.034478117 0.999142110 0.022942044 0.443531692 0.975113690 -0.028600743 -0.219852760 16.325006485
-0.241563156 0.027839836 -0.969985664 -20.492774963 0.033590220 0.999229252 0.020313920 0.446323425 0.969803512 -0.027674939 -0.242312118 16.284934998
-0.264763027 0.027290817 -0.963927269 -20.661020279 0.034204751 0.999236226 0.018895429 0.451357454 0.963706672 -0.027968081 -0.265494227 16.247247696
-0.287680537 0.025802324 -0.957378805 -20.819341660 0.034105398 0.999278963 0.016683321 0.453563303 0.957118928 -0.027852321 -0.288353145 16.207040787
-0.314517319 0.021385070 -0.949010730 -20.967781067 0.036572885 0.999276817 0.010396929 0.472298175 0.948546946 -0.031438045 -0.315072000 16.110002518
-0.341992587 0.017581329 -0.939538121 -21.128248215 0.038089931 0.999262512 0.004834175 0.465300620 0.938930452 -0.034133684 -0.342410117 16.052705765
-0.369147986 0.013095086 -0.929278374 -21.310104370 0.039337043 0.999224782 -0.001545558 0.468829811 0.928537786 -0.037125602 -0.369376868 16.002500534
-0.393722534 0.011148541 -0.919161677 -21.476238251 0.040373575 0.999171197 -0.005175024 0.473035604 0.918342292 -0.039147362 -0.393846333 15.932155609
-0.416025639 0.013402483 -0.909254074 -21.589660645 0.042112753 0.999102592 -0.004541670 0.439253598 0.908377171 -0.040180646 -0.416216642 15.948141098
-0.435716987 0.014560302 -0.899965942 -21.738353729 0.045412611 0.998951316 -0.005824682 0.457465410 0.898937345 -0.043407723 -0.435921341 15.838181496
-0.457350701 0.016691132 -0.889129758 -21.863096237 0.047761880 0.998841703 -0.005817068 0.442629218 0.888002872 -0.045126952 -0.457618207 15.813239098
-0.476019293 0.017407129 -0.879262567 -22.001508713 0.049834203 0.998731494 -0.007207172 0.459378749 0.878021777 -0.047248106 -0.476282895 15.702043533
-0.497079134 0.019768653 -0.867480040 -22.137990952 0.052300431 0.998605371 -0.007212119 0.483008474 0.866127610 -0.048954573 -0.497419715 15.578770638
-0.521611691 0.023383055 -0.852862597 -22.313409805 0.053151507 0.998573303 -0.005129491 0.484492451 0.851525784 -0.048006527 -0.522110283 15.468024254
-0.544733942 0.026265766 -0.838197529 -22.476358414 0.052969415 0.998591244 -0.003132279 0.482686192 0.836934328 -0.046105094 -0.545357764 15.362636566
-0.567887962 0.031044541 -0.822520137 -22.680027008 0.054096702 0.998535573 0.000338243 0.481626630 0.821326256 -0.044303548 -0.568735778 15.238238335
-0.585123479 0.034208626 -0.810222328 -22.822843552 0.052239198 0.998624682 0.004437297 0.481378764 0.809259892 -0.039728995 -0.586105824 15.130468369
-0.602512181 0.037441600 -0.797230959 -22.962480545 0.051000077 0.998663604 0.008358181 0.483122051 0.796478570 -0.035622928 -0.603616536 15.022975922
-0.619477689 0.039566398 -0.784016490 -23.113063812 0.047938567 0.998771727 0.012526423 0.481137991 0.783549130 -0.029824790 -0.620613575 14.912397385
-0.635559440 0.041577410 -0.770931542 -23.255876541 0.045627918 0.998826265 0.016252227 0.480040997 0.770702422 -0.024846746 -0.636710584 14.805653572
-0.647494972 0.041871272 -0.760918558 -23.361032486 0.045198888 0.998841643 0.016502051 0.468006730 0.760728180 -0.023707675 -0.648637533 14.731853485
-0.659877181 0.040323965 -0.750290692 -23.479839325 0.043683719 0.998928726 0.015267272 0.476681709 0.750102699 -0.022700964 -0.660931647 14.607903481
-0.671773314 0.039865337 -0.739683270 -23.594438553 0.042697862 0.998974442 0.015062087 0.478089333 0.739525199 -0.021464583 -0.672786593 14.504899979
-0.682726622 0.038758487 -0.729645193 -23.706569672 0.040477067 0.999064922 0.015195702 0.472285599 0.729551911 -0.019159388 -0.683657050 14.405799866
-0.694410026 0.037573174 -0.718597949 -23.821880341 0.039456215 0.999121606 0.014112728 0.473991603 0.718497038 -0.018553134 -0.695282578 14.298507690
-0.706924498 0.036037635 -0.706370473 -23.955280304 0.038775522 0.999173760 0.012169962 0.473623961 0.706225336 -0.018786633 -0.707737863 14.157686234
-0.719255686 0.034401171 -0.693893135 -24.087951660 0.038867351 0.999201536 0.009249466 0.475836039 0.693657279 -0.020317053 -0.720018566 14.017512321
-0.731261015 0.033052497 -0.681296408 -24.218643188 0.038802061 0.999223530 0.006828744 0.475429147 0.680993080 -0.021442110 -0.731975794 13.879387856
-0.742515206 0.031736914 -0.669076920 -24.347261429 0.039524041 0.999212384 0.003534295 0.476000547 0.668662131 -0.023820354 -0.743184745 13.738910675
-0.751942635 0.031014064 -0.658498526 -24.455436707 0.041037090 0.999157608 0.000198030 0.477375150 0.657949865 -0.026873948 -0.752582014 13.610070229
-0.761337340 0.029830119 -0.647669256 -24.560131073 0.041706197 0.999125361 -0.003008419 0.477195591 0.647013128 -0.029302247 -0.761915624 13.484486580
-0.770206153 0.028459610 -0.637159705 -24.665451050 0.042766251 0.999060094 -0.007071960 0.477189898 0.636359513 -0.032695800 -0.770699382 13.358068466
-0.779245436 0.027938826 -0.626095831 -24.771934509 0.044247903 0.998965442 -0.010493683 0.476904958 0.625154912 -0.035880581 -0.779675543 13.233335495
-0.787179470 0.028124370 -0.616082311 -24.867164612 0.045283455 0.998898923 -0.012259405 0.476602256 0.615059137 -0.037548691 -0.787586391 13.105826378
-0.794996560 0.029727370 -0.605885267 -24.960796356 0.047850106 0.998759389 -0.013781762 0.475551933 0.604723990 -0.039948117 -0.795432687 12.980938911
-0.802568853 0.030860456 -0.595760882 -25.055480957 0.049701560 0.998648047 -0.015224515 0.474780142 0.594485700 -0.041828956 -0.803017557 12.854293823
-0.810109794 0.032264870 -0.585389674 -25.149206161 0.051901128 0.998511076 -0.016790148 0.475613177 0.583976269 -0.043984260 -0.810578167 12.727957726
-0.817746878 0.033208109 -0.574619174 -25.243314743 0.053169034 0.998423934 -0.017965004 0.475582272 0.573116958 -0.045242768 -0.818223655 12.597484589
-0.825762272 0.036538638 -0.562833607 -25.340867996 0.053201705 0.998496115 -0.013233513 0.475042999 0.561503589 -0.040871438 -0.826464295 12.447254181
-0.833717942 0.038634993 -0.550837219 -25.438501358 0.052940458 0.998546779 -0.010091125 0.475932449 0.549646795 -0.037574735 -0.834551692 12.296828270
-0.841736257 0.041745514 -0.538272500 -25.536897659 0.053203348 0.998567104 -0.005754514 0.474081367 0.537260950 -0.033481687 -0.842751145 12.147882462
-0.849563420 0.044201899 -0.525631249 -25.633172989 0.052994564 0.998593390 -0.001678967 0.472722322 0.524817705 -0.029281989 -0.850710869 11.998896599
-0.856775641 0.044621497 -0.513755202 -25.707132339 0.051297564 0.998682678 0.001191643 0.471231639 0.513131618 -0.025333421 -0.857935965 11.868838310
-0.863892913 0.044971019 -0.501663864 -25.782272339 0.049713477 0.998755813 0.003922850 0.470001459 0.501216114 -0.021550531 -0.865053713 11.738168716
-0.871083617 0.046486672 -0.488929719 -25.859403610 0.049088597 0.998766243 0.007504251 0.468813419 0.488675356 -0.017464038 -0.872290909 11.606477737
-0.878029346 0.046905294 -0.476302773 -25.935661316 0.047498930 0.998812854 0.010800172 0.467408597 0.476243883 -0.013141003 -0.879215002 11.473610878
-0.885860145 0.045410078 -0.461724997 -26.008073807 0.045030877 0.998915374 0.011846376 0.466076523 0.461762190 -0.010297650 -0.886943996 11.337701797
-0.894325316 0.044021048 -0.445246488 -26.078575134 0.043287233 0.998992741 0.011822289 0.464162201 0.445318431 -0.008700517 -0.895330012 11.199317932
-0.902194738 0.041049339 -0.429370999 -26.148124695 0.040433895 0.999126434 0.010560157 0.463348389 0.429429382 -0.007833823 -0.903066456 11.058854103
-0.909949839 0.038896952 -0.412890196 -26.218053818 0.038152501 0.999221325 0.010050616 0.461476564 0.412959665 -0.006607238 -0.910725296 10.919615746
-0.918850899 0.036140770 -0.392946362 -26.292095184 0.035757899 0.999325991 0.008296909 0.461093158 0.392981440 -0.006427313 -0.919523954 10.760007858
-0.929573178 0.034821309 -0.366989702 -26.372776031 0.035607107 0.999355137 0.004630794 0.458651334 0.366914332 -0.008762780 -0.930213451 10.572632790
-0.939518094 0.032217618 -0.340980411 -26.450965881 0.033901289 0.999424636 0.001021202 0.455554068 0.340817094 -0.010600236 -0.940069854 10.383272171
-0.948863149 0.030736169 -0.314187914 -26.524374008 0.033388030 0.999437749 -0.003061177 0.453818679 0.313917160 -0.013394753 -0.949355900 10.195154190
-0.957544684 0.030951334 -0.286618352 -26.581163406 0.034796026 0.999359727 -0.008328996 0.451928049 0.286176950 -0.017948566 -0.958008647 10.008472443
-0.965460896 0.030487336 -0.258757949 -26.637029648 0.035244789 0.999283910 -0.013765605 0.448749125 0.258153021 -0.022410028 -0.965844095 9.825515747
-0.972460151 0.030806968 -0.231024191 -26.692886353 0.036114849 0.999171138 -0.018780828 0.446613818 0.230254099 -0.026607009 -0.972766757 9.639804840
-0.977119267 0.032785449 -0.210150108 -26.717340469 0.037580092 0.999115586 -0.018861612 0.444460571 0.209345862 -0.026327504 -0.977487147 9.499312401
-0.981311440 0.035020728 -0.189212307 -26.742570877 0.039244570 0.999056101 -0.018621836 0.442419738 0.188381612 -0.025699377 -0.981759608 9.359407425
-0.985077143 0.036851268 -0.168121934 -26.767349243 0.040663768 0.998986661 -0.019289706 0.441281676 0.167240724 -0.025838319 -0.985577464 9.216825485
-0.988356948 0.038969941 -0.147077456 -26.792289734 0.042277221 0.998917043 -0.019426899 0.438664883 0.146161094 -0.025418740 -0.988934159 9.076628685
-0.991662562 0.040202048 -0.122430153 -26.809257507 0.042617060 0.998943865 -0.017170209 0.435456634 0.121610582 -0.022244666 -0.992328584 8.898710251
-0.994566619 0.041340850 -0.095541388 -26.824314117 0.042897888 0.998977125 -0.014299978 0.432762474 0.094852492 -0.018320804 -0.995322704 8.699509621
-0.996722162 0.042288274 -0.068968266 -26.837114334 0.043168195 0.999003649 -0.011317534 0.429813951 0.068420976 -0.014257673 -0.997554660 8.501223564
-0.998020709 0.042263106 -0.046566688 -26.845359802 0.042709764 0.999050140 -0.008638586 0.428608656 0.046157356 -0.010610341 -0.998877823 8.319087982
-0.998712361 0.040469199 -0.030590344 -26.844402313 0.040659498 0.999157190 -0.005624679 0.426315129 0.030336939 -0.006861223 -0.999516189 8.175155640
-0.999151587 0.038746558 -0.013955587 -26.844676971 0.038785633 0.999244452 -0.002540223 0.424015939 0.013846615 -0.003079344 -0.999899387 8.032163620
-0.999323487 0.036731478 0.001825781 -26.843191147 0.036733110 0.999324739 0.000873950 0.421666265 -0.001792446 0.000940425 -0.999997973 7.886165619
-0.999198139 0.035474963 0.018570034 -26.843048096 0.035548914 0.999361217 0.003667327 0.420155048 -0.018428074 0.004324530 -0.999820828 7.742225647
-0.998944163 0.032877110 0.032087408 -26.832548141 0.032978140 0.999452770 0.002624224 0.418935180 -0.031983569 0.003679637 -0.999481618 7.578990936
-0.998497903 0.029931223 0.045891419 -26.820409775 0.030068927 0.999545157 0.002313026 0.415583879 -0.045801308 0.003689457 -0.998943686 7.412609100
-0.997880876 0.027167365 0.059124552 -26.808202744 0.027294643 0.999626517 0.001346032 0.413903952 -0.059065904 0.002956964 -0.998249710 7.243411064
-0.997018933 0.024686070 0.073100790 -26.797779083 0.024787147 0.999692559 0.000475695 0.411327153 -0.073066577 0.002286237 -0.997324467 7.075105190
-0.996025920 0.024811210 0.085538112 -26.774173737 0.024597226 0.999691129 -0.003554815 0.406765014 -0.085599884 -0.001436688 -0.996328473 6.874456882
-0.994883955 0.024614690 0.097979404 -26.751325607 0.023889683 0.999677896 -0.008566129 0.401905298 -0.098158695 -0.006181609 -0.995151579 6.667850971
-0.993612051 0.024150370 0.110236593 -26.726953506 0.022721382 0.999641001 -0.014200957 0.397822678 -0.110539988 -0.011605513 -0.993803918 6.462120533
-0.992468953 0.025808062 0.119746760 -26.700973511 0.023802023 0.999551892 -0.018152703 0.395485640 -0.120161600 -0.015165779 -0.992638528 6.265452862
-0.991443872 0.027332451 0.127639860 -26.673585892 0.024900520 0.999477446 -0.020610329 0.392478675 -0.128136486 -0.017255686 -0.991606414 6.078436852
-0.990342677 0.029369988 0.135494754 -26.645893097 0.026452597 0.999378920 -0.023282167 0.389052242 -0.136094362 -0.019473134 -0.990504503 5.890643597
-0.989212096 0.031309869 0.143104911 -26.617950439 0.027921449 0.999281585 -0.025625514 0.385409653 -0.143804416 -0.021353373 -0.989375710 5.705333233
-0.988554716 0.033611584 0.147070363 -26.588867188 0.030091248 0.999206424 -0.026096802 0.381449789 -0.147830829 -0.021372590 -0.988781691 5.539645672
-0.987906396 0.036695015 0.150646180 -26.560340881 0.033128090 0.999109685 -0.026120096 0.378100306 -0.151470557 -0.020813596 -0.988242626 5.377045631
-0.987291694 0.038811151 0.154107153 -26.531473160 0.035140906 0.999031782 -0.026470263 0.375204057 -0.154985324 -0.020718407 -0.987699509 5.213345051
-0.986504495 0.042196289 0.158203304 -26.504297256 0.038452853 0.998904943 -0.026650345 0.371240854 -0.159154609 -0.020207321 -0.987046838 5.049005508
-0.986263931 0.042875901 0.159515277 -26.471809387 0.039340716 0.998906553 -0.025255855 0.369394034 -0.160423756 -0.018633489 -0.986872256 4.882993698
-0.986097932 0.043582503 0.160347775 -26.440431595 0.040556058 0.998932838 -0.022100329 0.365811378 -0.161139876 -0.015290009 -0.986813128 4.714153767
-0.985893130 0.044775020 0.161276117 -26.410398483 0.042102173 0.998914003 -0.019954296 0.362631708 -0.161994427 -0.012882731 -0.986707568 4.548022270
-0.985728502 0.046255182 0.161863297 -26.379913330 0.044075366 0.998883009 -0.017033981 0.359691501 -0.162470371 -0.009656695 -0.986666143 4.378965855
-0.985886097 0.043480381 0.161672756 -26.348936081 0.041679669 0.999025583 -0.014514541 0.357323796 -0.162146360 -0.007571218 -0.986737669 4.211914539
-0.986099303 0.040551934 0.161132753 -26.317855835 0.039164104 0.999163330 -0.011781002 0.353930414 -0.161475673 -0.005306619 -0.986862421 4.042440891
-0.986263156 0.037123468 0.160956040 -26.288091660 0.036184292 0.999306738 -0.008763262 0.351124883 -0.161169797 -0.002818801 -0.986922622 3.871292830
-0.986488640 0.033829663 0.160298839 -26.256681442 0.033288047 0.999427378 -0.006063791 0.348476976 -0.160412192 -0.000645827 -0.987049818 3.701653242
-0.986591160 0.030797170 0.160279334 -26.230960846 0.030419867 0.999525607 -0.004807808 0.346792638 -0.160351336 0.000132335 -0.987060010 3.546734810
-0.986632705 0.028299542 0.160483629 -26.207612991 0.028093368 0.999598980 -0.003553993 0.344612539 -0.160519838 0.001002041 -0.987032056 3.395765543
-0.986697018 0.025541600 0.160550743 -26.183799744 0.025500949 0.999672055 -0.002313992 0.342668444 -0.160557196 0.001810988 -0.987024903 3.244712591
-0.986714005 0.023384754 0.160775185 -26.160779953 0.023524022 0.999722719 -0.001037382 0.339479119 -0.160754859 0.002758480 -0.986990511 3.094117403
-0.986649871 0.022395605 0.161308452 -26.132986069 0.022057297 0.999749124 -0.003887913 0.335977077 -0.161355063 -0.000277980 -0.986896396 2.892705202
-0.986492574 0.021444833 0.162396297 -26.105144501 0.020516768 0.999762177 -0.007389933 0.331728935 -0.162516162 -0.003958267 -0.986697972 2.680016041
-0.986390769 0.019958936 0.163202137 -26.077316284 0.018411035 0.999770105 -0.010991730 0.327569425 -0.163383991 -0.007837420 -0.986531377 2.469288111
-0.986003995 0.022345379 0.165217012 -26.058933258 0.020234009 0.999690831 -0.014451626 0.324164659 -0.165488839 -0.010906359 -0.986151338 2.324589014
-0.985711217 0.024654957 0.166629910 -26.039358139 0.021917352 0.999593258 -0.018248500 0.323466420 -0.167012036 -0.014335663 -0.985850632 2.179043531
